0 1
0 2
0 3
0 5
0 7
0 13
0 16
0 18
0 20
0 21
0 22
0 24
0 26
0 27
0 28
0 29
0 30
0 33
0 35
0 36
0 39
0 40
0 43
0 44
0 47
1 2
1 3
1 8
1 10
1 12
1 15
1 16
1 19
1 20
1 23
1 25
1 26
1 28
1 29
1 30
1 32
1 33
1 34
1 36
1 37
1 38
1 39
1 41
1 42
1 43
1 44
1 46
1 47
1 49
2 4
2 5
2 9
2 13
2 15
2 18
2 19
2 22
2 26
2 27
2 40
2 42
2 44
2 46
2 47
2 49
3 5
3 7
3 8
3 15
3 16
3 20
3 26
3 27
3 28
3 30
3 31
3 32
3 33
3 34
3 36
3 41
3 42
3 44
3 45
3 46
3 48
3 49
4 5
4 6
4 8
4 10
4 11
4 13
4 18
4 19
4 20
4 25
4 27
4 28
4 31
4 32
4 33
4 34
4 35
4 39
4 40
4 41
4 45
4 47
5 7
5 10
5 13
5 15
5 16
5 17
5 20
5 24
5 25
5 28
5 33
5 34
5 37
5 39
5 40
5 41
5 43
5 46
5 47
5 48
5 49
6 8
6 9
6 10
6 11
6 13
6 14
6 15
6 17
6 19
6 20
6 21
6 23
6 24
6 25
6 28
6 30
6 33
6 35
6 36
6 39
6 40
6 41
6 42
6 44
6 45
6 46
6 48
7 9
7 14
7 15
7 16
7 18
7 19
7 20
7 22
7 27
7 28
7 29
7 32
7 34
7 36
7 37
7 46
7 47
7 49
8 9
8 10
8 11
8 12
8 14
8 17
8 22
8 27
8 28
8 31
8 32
8 38
8 40
8 41
8 44
8 47
8 48
9 10
9 11
9 12
9 13
9 14
9 16
9 17
9 18
9 19
9 21
9 23
9 27
9 28
9 33
9 34
9 35
9 36
9 38
9 40
9 41
9 43
9 45
9 46
10 12
10 16
10 20
10 22
10 23
10 24
10 25
10 27
10 30
10 32
10 33
10 34
10 35
10 37
10 40
10 41
10 42
10 44
10 46
10 48
11 12
11 13
11 15
11 17
11 18
11 22
11 25
11 27
11 28
11 29
11 30
11 35
11 38
11 40
11 42
11 46
11 47
11 48
12 15
12 17
12 19
12 21
12 23
12 26
12 28
12 30
12 31
12 33
12 34
12 38
12 39
12 40
12 43
12 45
12 47
12 49
13 14
13 18
13 20
13 21
13 23
13 24
13 26
13 28
13 30
13 33
13 36
13 37
13 39
13 40
13 41
13 48
14 15
14 16
14 17
14 18
14 19
14 21
14 22
14 23
14 27
14 28
14 29
14 34
14 36
14 38
14 40
14 41
14 43
14 45
14 46
14 47
14 49
15 20
15 23
15 24
15 25
15 27
15 30
15 33
15 35
15 37
15 38
15 40
15 42
15 43
15 45
16 20
16 22
16 24
16 30
16 31
16 32
16 33
16 34
16 35
16 36
16 38
16 41
16 45
16 47
16 49
17 22
17 24
17 25
17 28
17 30
17 31
17 33
17 34
17 35
17 37
17 38
17 40
17 43
17 44
17 45
17 46
17 49
18 20
18 21
18 22
18 23
18 25
18 27
18 29
18 32
18 40
18 41
18 43
19 20
19 21
19 24
19 26
19 27
19 28
19 29
19 31
19 33
19 34
19 36
19 37
19 38
19 39
19 45
19 47
19 48
19 49
20 22
20 24
20 25
20 26
20 30
20 31
20 33
20 34
20 36
20 37
20 38
20 41
20 43
20 44
20 45
20 46
20 47
21 22
21 23
21 28
21 29
21 30
21 31
21 32
21 33
21 38
21 39
21 40
21 41
21 45
21 46
21 47
22 27
22 29
22 30
22 33
22 34
22 35
22 38
22 39
22 40
22 42
22 45
22 46
22 47
23 24
23 25
23 26
23 27
23 29
23 32
23 33
23 34
23 35
23 36
23 38
23 39
23 40
23 41
23 44
23 46
23 47
23 48
23 49
24 26
24 28
24 29
24 30
24 31
24 36
24 37
24 38
24 39
24 41
24 42
24 43
24 45
24 46
24 47
25 26
25 29
25 33
25 40
25 42
25 43
25 45
25 46
25 49
26 27
26 28
26 29
26 30
26 32
26 34
26 35
26 36
26 37
26 38
26 39
26 40
26 41
26 45
26 46
26 48
26 49
27 28
27 29
27 31
27 34
27 35
27 36
27 38
27 39
27 40
27 41
27 43
27 45
27 46
27 49
28 30
28 31
28 32
28 35
28 38
28 39
28 45
29 31
29 34
29 38
29 39
29 44
29 45
29 46
29 47
29 48
29 49
30 33
30 34
30 36
30 38
30 39
30 41
30 45
30 48
31 32
31 33
31 35
31 37
31 38
31 45
31 49
32 34
32 35
32 40
32 47
32 49
33 34
33 36
33 37
33 39
33 42
33 44
33 46
33 48
33 49
34 36
34 37
34 38
34 39
34 40
34 42
34 43
34 44
34 45
34 47
35 36
35 37
35 38
35 39
35 41
35 45
35 46
35 48
35 49
36 37
36 41
36 42
36 44
36 45
37 39
37 44
37 45
37 47
37 48
37 49
38 40
38 43
38 45
38 46
38 48
39 40
39 41
39 42
39 44
39 45
39 46
39 49
40 41
40 43
40 45
40 46
40 47
40 48
41 42
41 44
41 45
41 46
41 47
41 48
41 49
42 44
42 45
42 47
42 48
42 49
43 44
43 45
43 46
43 47
43 48
44 48
44 49
45 46
45 47
45 48
46 47
46 49