0 4
0 7
0 9
0 10
0 11
0 12
0 13
0 16
0 18
0 20
0 21
0 25
0 28
0 30
0 32
0 34
0 36
0 40
0 42
0 46
1 7
1 9
1 12
1 13
1 15
1 16
1 17
1 18
1 21
1 24
1 25
1 26
1 27
1 30
1 31
1 33
1 35
1 37
1 38
1 41
1 46
1 49
2 3
2 5
2 7
2 8
2 10
2 11
2 12
2 13
2 16
2 17
2 18
2 19
2 20
2 21
2 24
2 26
2 27
2 28
2 31
2 34
2 35
2 36
2 38
2 39
2 40
2 42
2 43
2 45
2 47
2 49
3 9
3 10
3 12
3 13
3 24
3 25
3 26
3 27
3 34
3 35
3 36
3 37
3 38
3 39
3 40
3 41
3 42
3 43
3 45
3 47
3 49
4 5
4 8
4 9
4 13
4 15
4 16
4 17
4 20
4 21
4 22
4 25
4 26
4 29
4 32
4 35
4 37
4 38
4 39
4 41
4 42
4 44
4 45
4 47
4 49
5 9
5 10
5 12
5 13
5 14
5 18
5 19
5 21
5 23
5 24
5 30
5 32
5 33
5 35
5 38
5 39
5 40
5 41
5 45
5 48
6 7
6 9
6 10
6 12
6 13
6 14
6 16
6 17
6 21
6 23
6 24
6 25
6 29
6 36
6 37
6 38
6 40
6 43
6 44
6 45
6 46
6 47
6 49
7 11
7 12
7 14
7 15
7 16
7 18
7 19
7 20
7 24
7 25
7 28
7 29
7 31
7 32
7 33
7 34
7 35
7 43
7 44
7 46
7 47
8 10
8 12
8 14
8 15
8 17
8 18
8 20
8 23
8 24
8 28
8 29
8 30
8 35
8 36
8 37
8 38
8 39
8 40
8 44
8 45
9 10
9 13
9 14
9 15
9 16
9 18
9 19
9 22
9 23
9 24
9 25
9 28
9 33
9 35
9 36
9 37
9 38
9 39
9 40
9 42
9 45
9 46
9 47
10 11
10 15
10 17
10 20
10 23
10 25
10 26
10 29
10 30
10 32
10 33
10 34
10 37
10 38
10 39
10 41
10 43
10 45
10 48
11 12
11 13
11 14
11 19
11 20
11 24
11 27
11 29
11 30
11 31
11 32
11 33
11 34
11 36
11 39
11 41
11 42
11 43
11 45
11 46
11 47
12 13
12 14
12 16
12 18
12 20
12 22
12 23
12 25
12 29
12 30
12 31
12 34
12 35
12 37
12 41
12 42
12 45
12 47
12 48
12 49
13 15
13 16
13 17
13 21
13 22
13 28
13 30
13 31
13 32
13 34
13 37
13 38
13 41
13 42
13 43
13 45
13 48
13 49
14 15
14 19
14 20
14 21
14 24
14 25
14 26
14 28
14 30
14 31
14 32
14 35
14 36
14 41
14 43
14 45
14 46
14 47
14 48
15 16
15 17
15 19
15 21
15 22
15 29
15 30
15 32
15 33
15 39
15 40
15 42
15 44
15 45
15 46
15 47
16 17
16 18
16 19
16 21
16 26
16 28
16 29
16 30
16 33
16 34
16 35
16 36
16 42
16 44
16 45
16 48
17 18
17 20
17 21
17 22
17 23
17 24
17 26
17 27
17 28
17 30
17 32
17 33
17 35
17 36
17 37
17 40
17 41
17 42
17 44
17 45
17 48
17 49
18 21
18 22
18 23
18 27
18 29
18 30
18 32
18 35
18 37
18 38
18 39
18 43
18 44
18 45
18 46
18 48
19 20
19 22
19 27
19 29
19 30
19 31
19 32
19 34
19 35
19 36
19 38
19 40
19 41
19 42
19 43
19 44
19 46
19 48
20 22
20 26
20 27
20 28
20 29
20 30
20 31
20 32
20 34
20 35
20 36
20 37
20 41
20 42
20 43
20 46
20 49
21 22
21 23
21 24
21 25
21 26
21 27
21 28
21 31
21 32
21 35
21 36
21 39
21 41
21 43
21 44
21 45
21 46
21 47
21 49
22 24
22 26
22 29
22 30
22 31
22 37
22 42
22 43
22 45
22 47
22 48
23 24
23 26
23 33
23 34
23 35
23 37
23 38
23 40
23 42
23 43
23 45
23 46
23 48
23 49
24 25
24 27
24 31
24 32
24 35
24 36
24 39
24 40
24 41
24 43
24 44
24 47
25 28
25 30
25 31
25 32
25 33
25 34
25 35
25 37
25 39
25 41
25 45
25 46
26 27
26 28
26 30
26 31
26 32
26 33
26 36
26 37
26 38
26 39
26 41
26 42
26 43
26 47
26 48
27 28
27 29
27 30
27 32
27 38
27 40
27 42
27 47
27 48
28 35
28 36
28 39
28 42
28 44
28 46
29 32
29 40
29 42
29 43
29 45
29 47
29 48
29 49
30 32
30 34
30 36
30 39
30 41
30 43
30 44
30 46
31 33
31 36
31 38
31 41
31 45
31 48
32 35
32 39
32 41
32 45
32 46
32 47
33 35
33 37
33 38
33 39
33 41
33 43
33 44
33 46
33 48
33 49
34 35
34 38
34 40
34 43
34 45
34 46
35 37
35 38
35 41
35 44
35 45
35 47
35 49
36 39
36 42
36 43
36 47
36 48
37 40
37 42
37 44
37 46
37 49
38 42
38 44
38 46
38 47
39 40
39 42
39 43
39 44
39 45
39 46
39 47
40 45
40 46
40 47
41 42
41 43
41 47
41 48
41 49
42 43
42 45
42 46
42 47
42 48
42 49
43 44
43 45
43 46
43 48
43 49
44 47
44 48
44 49
45 47
45 48
46 48
47 49
48 49